-0.999977 0.996273 -0.000007
0.999977 0.996273 0.000007
0.000000 2.832051 0.000000


-0.999939 0.990325 -0.000039
0.999939 0.990325 0.000039
0.000000 2.832051 0.000000


-0.999901 0.987211 -0.000086
0.999901 0.987211 0.000086
0.000000 2.832051 0.000000


-0.999866 0.987529 -0.000132
0.999866 0.987529 0.000132
0.000000 2.832051 0.000000


-0.999832 0.989311 -0.000173
0.999832 0.989311 0.000173
0.000000 2.832051 0.000000


-0.999799 0.990634 -0.000206
0.999799 0.990634 0.000206
0.000000 2.832051 0.000000


-0.999766 0.990861 -0.000237
0.999766 0.990861 0.000237
0.000000 2.832051 0.000000


-0.999733 0.990405 -0.000267
0.999733 0.990405 0.000267
0.000000 2.832051 0.000000


-0.999700 0.989916 -0.000299
0.999700 0.989916 0.000299
0.000000 2.832051 0.000000


-0.999667 0.989733 -0.000332
0.999667 0.989733 0.000332
0.000000 2.832051 0.000000


-0.999657 0.989819 -0.000358
0.999657 0.989819 0.000358
0.000000 2.822051 0.000000


-0.999661 0.989981 -0.000360
0.999661 0.989981 0.000360
0.000000 2.812051 0.000000


-0.999665 0.990072 -0.000348
0.999665 0.990072 0.000348
0.000000 2.802051 0.000000


-0.999667 0.990069 -0.000335
0.999667 0.990069 0.000335
0.000000 2.792051 0.000000


-0.999668 0.990022 -0.000328
0.999668 0.990022 0.000328
0.000000 2.782051 0.000000


-0.999668 0.989985 -0.000327
0.999668 0.989985 0.000327
0.000000 2.772051 0.000000


-0.999667 0.989976 -0.000330
0.999667 0.989976 0.000330
0.000000 2.762051 0.000000


-0.999667 0.989988 -0.000333
0.999667 0.989988 0.000333
0.000000 2.752051 0.000000


-0.999666 0.990001 -0.000334
0.999666 0.990001 0.000334
0.000000 2.742051 0.000000


-0.999666 0.990007 -0.000335
0.999666 0.990007 0.000335
0.000000 2.732051 0.000000


-0.999667 0.990005 -0.000335
0.999667 0.990005 0.000335
0.000000 2.722051 0.000000


-0.999933 0.987502 -0.001470
0.999933 0.987502 0.001470
0.000000 2.713702 0.000000


-1.000185 0.983696 -0.002407
1.000185 0.983696 0.002407
0.000000 2.708224 0.000000


-1.000359 0.981724 -0.002606
1.000359 0.981724 0.002606
0.000000 2.705682 0.000000


-1.000402 0.981962 -0.002485
1.000402 0.981962 0.002485
0.000000 2.706087 0.000000


-1.000332 0.983484 -0.002225
1.000332 0.983484 0.002225
0.000000 2.708395 0.000000


-1.000203 0.985155 -0.001927
1.000203 0.985155 0.001927
0.000000 2.711009 0.000000


-1.000084 0.986193 -0.001708
1.000084 0.986193 0.001708
0.000000 2.712685 0.000000


-1.000025 0.986361 -0.001640
1.000025 0.986361 0.001640
0.000000 2.712999 0.000000


-1.000035 0.985879 -0.001709
1.000035 0.985879 0.001709
0.000000 2.712265 0.000000


-1.000086 0.985175 -0.001841
1.000086 0.985175 0.001841
0.000000 2.711155 0.000000


-1.000173 0.984631 -0.001957
1.000173 0.984631 0.001957
0.000000 2.710276 0.000000


-1.000268 0.984433 -0.002011
1.000268 0.984433 0.002011
0.000000 2.709927 0.000000


-1.000334 0.984549 -0.002001
1.000334 0.984549 0.002001
0.000000 2.710076 0.000000


-1.000373 0.984823 -0.001953
1.000373 0.984823 0.001953
0.000000 2.710487 0.000000


-1.000402 0.985082 -0.001900
1.000402 0.985082 0.001900
0.000000 2.710884 0.000000


-1.000436 0.985219 -0.001868
1.000436 0.985219 0.001868
0.000000 2.711092 0.000000


-1.000483 0.985214 -0.001864
1.000483 0.985214 0.001864
0.000000 2.711076 0.000000


-1.000541 0.985118 -0.001880
1.000541 0.985118 0.001880
0.000000 2.710910 0.000000


-1.000604 0.985002 -0.001903
1.000604 0.985002 0.001903
0.000000 2.710709 0.000000


-1.000666 0.984924 -0.001921
1.000666 0.984924 0.001921
0.000000 2.710566 0.000000


-1.000724 0.984905 -0.001928
1.000724 0.984905 0.001928
0.000000 2.710517 0.000000


-1.000777 0.984934 -0.001925
1.000777 0.984934 0.001925
0.000000 2.710544 0.000000


-1.000828 0.984982 -0.001916
1.000828 0.984982 0.001916
0.000000 2.710602 0.000000


-1.000877 0.985022 -0.001909
1.000877 0.985022 0.001909
0.000000 2.710650 0.000000


-1.000928 0.985039 -0.001905
1.000928 0.985039 0.001905
0.000000 2.710661 0.000000


-1.000981 0.985033 -0.001905
1.000981 0.985033 0.001905
0.000000 2.710637 0.000000


-1.001035 0.985015 -0.001909
1.001035 0.985015 0.001909
0.000000 2.710592 0.000000


-1.001091 0.984996 -0.001914
1.001091 0.984996 0.001914
0.000000 2.710545 0.000000


-1.001146 0.984986 -0.001917
1.001146 0.984986 0.001917
0.000000 2.710511 0.000000


-1.001200 0.984985 -0.001918
1.001200 0.984985 0.001918
0.000000 2.710493 0.000000


-1.001253 0.984991 -0.001917
1.001253 0.984991 0.001917
0.000000 2.710485 0.000000


-1.001306 0.984999 -0.001916
1.001306 0.984999 0.001916
0.000000 2.710482 0.000000


-1.001359 0.985005 -0.001916
1.001359 0.985005 0.001916
0.000000 2.710474 0.000000


-1.001412 0.985007 -0.001916
1.001412 0.985007 0.001916
0.000000 2.710461 0.000000


-1.001455 0.985005 -0.001917
1.001455 0.985005 0.001917
0.000000 2.710442 0.000000


-1.001467 0.985000 -0.001919
1.001467 0.985000 0.001919
0.000000 2.710427 0.000000


-1.001461 0.984995 -0.001920
1.001461 0.984995 0.001920
0.000000 2.710419 0.000000


-1.001452 0.984993 -0.001921
1.001452 0.984993 0.001921
0.000000 2.710420 0.000000


-1.001446 0.984995 -0.001920
1.001446 0.984995 0.001920
0.000000 2.710427 0.000000


-1.001444 0.984999 -0.001919
1.001444 0.984999 0.001919
0.000000 2.710434 0.000000


-1.001444 0.985002 -0.001918
1.001444 0.985002 0.001918
0.000000 2.710439 0.000000


-1.001445 0.985004 -0.001918
1.001445 0.985004 0.001918
0.000000 2.710441 0.000000


-1.001446 0.985003 -0.001918
1.001446 0.985003 0.001918
0.000000 2.710439 0.000000


-1.001446 0.985001 -0.001918
1.001446 0.985001 0.001918
0.000000 2.710436 0.000000


-1.001446 0.984999 -0.001919
1.001446 0.984999 0.001919
0.000000 2.710433 0.000000


-1.001446 0.984998 -0.001919
1.001446 0.984998 0.001919
0.000000 2.710432 0.000000


-1.001446 0.984999 -0.001919
1.001446 0.984999 0.001919
0.000000 2.710432 0.000000


-1.001446 0.984999 -0.001919
1.001446 0.984999 0.001919
0.000000 2.710433 0.000000


-1.001446 0.985000 -0.001919
1.001446 0.985000 0.001919
0.000000 2.710435 0.000000


-1.001446 0.985001 -0.001919
1.001446 0.985001 0.001919
0.000000 2.710435 0.000000


-1.001446 0.985001 -0.001919
1.001446 0.985001 0.001919
0.000000 2.710436 0.000000


-1.001446 0.985000 -0.001919
1.001446 0.985000 0.001919
0.000000 2.710435 0.000000


-1.001446 0.985000 -0.001919
1.001446 0.985000 0.001919
0.000000 2.710435 0.000000


-1.001446 0.985000 -0.001919
1.001446 0.985000 0.001919
0.000000 2.710434 0.000000


-1.001446 0.985000 -0.001919
1.001446 0.985000 0.001919
0.000000 2.710434 0.000000


-1.001446 0.985000 -0.001919
1.001446 0.985000 0.001919
0.000000 2.710434 0.000000


-1.001446 0.985000 -0.001919
1.001446 0.985000 0.001919
0.000000 2.710434 0.000000


-1.001446 0.985000 -0.001919
1.001446 0.985000 0.001919
0.000000 2.710435 0.000000


-1.001446 0.985000 -0.001919
1.001446 0.985000 0.001919
0.000000 2.710435 0.000000


-1.001446 0.985000 -0.001919
1.001446 0.985000 0.001919
0.000000 2.710435 0.000000


-1.001446 0.985000 -0.001919
1.001446 0.985000 0.001919
0.000000 2.710435 0.000000


-1.001446 0.985000 -0.001919
1.001446 0.985000 0.001919
0.000000 2.710435 0.000000


-1.001446 0.985000 -0.001919
1.001446 0.985000 0.001919
0.000000 2.710434 0.000000


-1.001446 0.985000 -0.001919
1.001446 0.985000 0.001919
0.000000 2.710434 0.000000


-1.001446 0.985000 -0.001919
1.001446 0.985000 0.001919
0.000000 2.710434 0.000000


-1.001446 0.985000 -0.001919
1.001446 0.985000 0.001919
0.000000 2.710434 0.000000


-1.001446 0.985000 -0.001919
1.001446 0.985000 0.001919
0.000000 2.710435 0.000000


-1.001446 0.985000 -0.001919
1.001446 0.985000 0.001919
0.000000 2.710435 0.000000


-1.001446 0.985000 -0.001919
1.001446 0.985000 0.001919
0.000000 2.710435 0.000000


-1.001446 0.985000 -0.001919
1.001446 0.985000 0.001919
0.000000 2.710435 0.000000


-1.001446 0.985000 -0.001919
1.001446 0.985000 0.001919
0.000000 2.710435 0.000000


-1.001446 0.985000 -0.001919
1.001446 0.985000 0.001919
0.000000 2.710435 0.000000


-1.001446 0.985000 -0.001919
1.001446 0.985000 0.001919
0.000000 2.710435 0.000000


-1.001446 0.985000 -0.001919
1.001446 0.985000 0.001919
0.000000 2.710435 0.000000


-1.001446 0.985000 -0.001919
1.001446 0.985000 0.001919
0.000000 2.710435 0.000000


-1.001446 0.985000 -0.001919
1.001446 0.985000 0.001919
0.000000 2.710435 0.000000


-1.001446 0.985000 -0.001919
1.001446 0.985000 0.001919
0.000000 2.710435 0.000000


-1.001446 0.985000 -0.001919
1.001446 0.985000 0.001919
0.000000 2.710435 0.000000


-1.001446 0.985000 -0.001919
1.001446 0.985000 0.001919
0.000000 2.710435 0.000000


