-10 0.000000 20 0
-1.999901 0 0 10
1.999901 0 0 10


-10 0.000000 20 0
-1.999801 0 0 10
1.999801 0 0 10


-10 0.000000 20 0
-1.999701 0 0 10
1.999701 0 0 10


-10 0.000000 20 0
-1.999601 0 0 10
1.999601 0 0 10


-10 0.000000 20 0
-1.999501 0 0 10
1.999501 0 0 10


-10 0.000000 20 0
-1.999401 0 0 10
1.999401 0 0 10


-10 0.000000 20 0
-1.999301 0 0 10
1.999301 0 0 10


-10 0.000000 20 0
-1.999201 0 0 10
1.999201 0 0 10


-10 0.000000 20 0
-1.999101 0 0 10
1.999101 0 0 10


-10 0.000000 20 0
-1.999001 0 0 10
1.999001 0 0 10


-10 0.000000 20 0
-1.999000 0 0 10
1.999000 0 0 10


-10 0.000000 20 0
-1.999000 0 0 10
1.999000 0 0 10


-10 0.000000 20 0
-1.999000 0 0 10
1.999000 0 0 10


-10 0.000000 20 0
-1.999000 0 0 10
1.999000 0 0 10


-10 0.000000 20 0
-1.999000 0 0 10
1.999000 0 0 10


-10 0.000000 20 0
-1.999000 0 0 10
1.999000 0 0 10


-10 0.000000 20 0
-1.999000 0 0 10
1.999000 0 0 10


-10 0.000000 20 0
-1.999000 0 0 10
1.999000 0 0 10


-10 0.000000 20 0
-1.999000 0 0 10
1.999000 0 0 10


-10 0.000000 20 0
-1.999000 0 0 10
1.999000 0 0 10


-10 0.000000 20 0
-1.999000 0 0 10
1.999000 0 0 10


-10 0.000000 20 0
-1.999000 0 0 10
1.999000 0 0 10


-10 0.000000 20 0
-1.999000 0 0 10
1.999000 0 0 10


-10 0.000000 20 0
-1.999000 0 0 10
1.999000 0 0 10


-10 0.000000 20 0
-1.999000 0 0 10
1.999000 0 0 10


-10 0.000000 20 0
-1.999000 0 0 10
1.999000 0 0 10


-10 0.000000 20 0
-1.999000 0 0 10
1.999000 0 0 10


-10 0.000000 20 0
-1.999000 0 0 10
1.999000 0 0 10


-10 0.000000 20 0
-1.999000 0 0 10
1.999000 0 0 10


-10 0.000000 20 0
-1.999000 0 0 10
1.999000 0 0 10


-10 0.000000 20 0
-1.999000 0 0 10
1.999000 0 0 10


-10 0.000000 20 0
-1.999100 0 0 10
1.999100 0 0 10


-10 0.000000 20 0
-1.999200 0 0 10
1.999200 0 0 10


-10 0.000000 20 0
-1.999300 0 0 10
1.999300 0 0 10


-10 0.000000 20 0
-1.999400 0 0 10
1.999400 0 0 10


-10 0.000000 20 0
-1.999500 0 0 10
1.999500 0 0 10


-10 0.000000 20 0
-1.999600 0 0 10
1.999600 0 0 10


-10 0.000000 20 0
-1.999700 0 0 10
1.999700 0 0 10


-10 0.000000 20 0
-1.999800 0 0 10
1.999800 0 0 10


-10 0.000000 20 0
-1.999900 0 0 10
1.999900 0 0 10


-10 0.000000 20 0
-2.000000 0 0 10
2.000000 0 0 10


-10 0.000000 20 0
-2.000100 0 0 10
2.000100 0 0 10


-10 0.000000 20 0
-2.000200 0 0 10
2.000200 0 0 10


-10 0.000000 20 0
-2.000300 0 0 10
2.000300 0 0 10


-10 0.000000 20 0
-2.000400 0 0 10
2.000400 0 0 10


-10 0.000000 20 0
-2.000500 0 0 10
2.000500 0 0 10


-10 0.000000 20 0
-2.000600 0 0 10
2.000600 0 0 10


-10 0.000000 20 0
-2.000700 0 0 10
2.000700 0 0 10


-10 0.000000 20 0
-2.000800 0 0 10
2.000800 0 0 10


-10 0.000000 20 0
-2.000900 0 0 10
2.000900 0 0 10


-10 0.000000 20 0
-2.001000 0 0 10
2.001000 0 0 10


-10 0.000000 20 0
-2.001100 0 0 10
2.001100 0 0 10


-10 0.000000 20 0
-2.001200 0 0 10
2.001200 0 0 10


-10 0.000000 20 0
-2.001300 0 0 10
2.001300 0 0 10


-10 0.000000 20 0
-2.001400 0 0 10
2.001400 0 0 10


-10 0.000000 20 0
-2.001500 0 0 10
2.001500 0 0 10


-10 0.000000 20 0
-2.001600 0 0 10
2.001600 0 0 10


-10 0.000000 20 0
-2.001700 0 0 10
2.001700 0 0 10


-10 0.000000 20 0
-2.001800 0 0 10
2.001800 0 0 10


-10 0.000000 20 0
-2.001900 0 0 10
2.001900 0 0 10


-10 0.000000 20 0
-2.002000 0 0 10
2.002000 0 0 10


-10 0.000000 20 0
-2.002100 0 0 10
2.002100 0 0 10


-10 0.000000 20 0
-2.002200 0 0 10
2.002200 0 0 10


-10 0.000000 20 0
-2.002300 0 0 10
2.002300 0 0 10


-10 0.000000 20 0
-2.002400 0 0 10
2.002400 0 0 10


-10 0.000000 20 0
-2.002500 0 0 10
2.002500 0 0 10


-10 0.000000 20 0
-2.002600 0 0 10
2.002600 0 0 10


-10 0.000000 20 0
-2.002700 0 0 10
2.002700 0 0 10


-10 0.000000 20 0
-2.002800 0 0 10
2.002800 0 0 10


-10 0.000000 20 0
-2.002900 0 0 10
2.002900 0 0 10


-10 0.000000 20 0
-2.003000 0 0 10
2.003000 0 0 10


-10 0.000000 20 0
-2.003100 0 0 10
2.003100 0 0 10


-10 0.000000 20 0
-2.003200 0 0 10
2.003200 0 0 10


-10 0.000000 20 0
-2.003300 0 0 10
2.003300 0 0 10


-10 0.000000 20 0
-2.003400 0 0 10
2.003400 0 0 10


-10 0.000000 20 0
-2.003500 0 0 10
2.003500 0 0 10


-10 0.000000 20 0
-2.003600 0 0 10
2.003600 0 0 10


-10 0.000000 20 0
-2.003700 0 0 10
2.003700 0 0 10


-10 0.000000 20 0
-2.003800 0 0 10
2.003800 0 0 10


-10 0.000000 20 0
-2.003900 0 0 10
2.003900 0 0 10


-10 0.000000 20 0
-2.004000 0 0 10
2.004000 0 0 10


-10 0.000000 20 0
-2.004100 0 0 10
2.004100 0 0 10


-10 0.000000 20 0
-2.004200 0 0 10
2.004200 0 0 10


-10 0.000000 20 0
-2.004300 0 0 10
2.004300 0 0 10


-10 0.000000 20 0
-2.004400 0 0 10
2.004400 0 0 10


-10 0.000000 20 0
-2.004500 0 0 10
2.004500 0 0 10


-10 0.000000 20 0
-2.004600 0 0 10
2.004600 0 0 10


-10 0.000000 20 0
-2.004700 0 0 10
2.004700 0 0 10


-10 0.000000 20 0
-2.004800 0 0 10
2.004800 0 0 10


-10 0.000000 20 0
-2.004900 0 0 10
2.004900 0 0 10


-10 0.000000 20 0
-2.005000 0 0 10
2.005000 0 0 10


-10 0.000000 20 0
-2.005100 0 0 10
2.005100 0 0 10


-10 0.000000 20 0
-2.005200 0 0 10
2.005200 0 0 10


-10 0.000000 20 0
-2.005300 0 0 10
2.005300 0 0 10


-10 0.000000 20 0
-2.005400 0 0 10
2.005400 0 0 10


-10 0.000000 20 0
-2.005500 0 0 10
2.005500 0 0 10


-10 0.000000 20 0
-2.005600 0 0 10
2.005600 0 0 10


-10 0.000000 20 0
-2.005700 0 0 10
2.005700 0 0 10


-10 0.000000 20 0
-2.005800 0 0 10
2.005800 0 0 10


-10 0.000000 20 0
-2.005900 0 0 10
2.005900 0 0 10


